|
  Camera1:
    Extrinsic:
      R:
        r1c1: 1.0
        r1c2: 0.0
        r1c3: 0.0
        r2c1: 0.0
        r2c2: 1.0
        r2c3: 0.0
        r3c1: 0.0
        r3c2: 0.0
        r3c3: 1.0
      T:
        t1: 0.0
        t2: 0.0
        t3: 0.0
    Intrinsic:
      focal_length:
        h: 1101.066578
        v: 1096.3823738
      principal_point:
        h: 830.1311269
        v: 621.1809177
      image_size:
        width: 1656.0
        height: 1236.0
      radial_distortion:
        k1: -0.0885396
        k2: 0.0693701
        k3: 0.0
      tangential_distortion:
        p1: 0.0008226
        p2: 0.0015359
  Camera2:
    Extrinsic:
      R:
        r1c1: 0.9998551
        r1c2: -0.0162206
        r1c3: -0.0051628
        r2c1: 0.0161905
        r2c2: 0.999852
        r2c3: -0.0058196
        r3c1: 0.0052565
        r3c2: 0.0057351
        r3c3: 0.9999697
      T:
        t1: -209.3876088
        t2: -0.1060537
        t3: -0.2627336
    Intrinsic:
      focal_length:
        h: 1106.8554432
        v: 1101.9100183
      principal_point:
        h: 827.1365356
        v: 616.6204626
      image_size:
        width: 1656.0
        height: 1236.0
      radial_distortion:
        k1: -0.0873105
        k2: 0.0691897
        k3: 0.0
      tangential_distortion:
        p1: 0.0009474
        p2: 0.0010738
